reSens_R_Mean: 0.67
reSens_R_sd: 0.2417529
reSpec_R_Mean: 0.89
reSpec_R_sd: 0.0805843
rePrec_R_Mean: 0.5833333
rePrec_R_sd: 0.2256677

