mean_Sens: 0.7096154
mean_Spec: 0.972536
mean_BAcc: 0.8302849
sd_Sens: 0.3972329
sd_Spec: 0.0345908
sd_BAcc: 0.1850092

