Sensitivity: 0.9090909
Specificity: 0.9782609
Balanced Accuracy: 0.9436759

