mean_BAcc_micro: 0.8372421
mean_Spec_micro: 0.918621
mean_Sens_micro: 0.7558631

