Sensitivity: 0.9176471
Specificity: 0.9801802
Balanced Accuracy: 0.9489136

