mean_Sens: 0.9231542
mean_Spec: 0.7593458
mean_BAcc: 0.7610319
sd_Sens: 0.0899045
sd_Spec: 0.323849
sd_BAcc: 0.1485105

