mean_BAcc_micro: 0.8803022
mean_Spec_micro: 0.9401511
mean_Sens_micro: 0.8204533

