Sensitivity: 0.8441558
Specificity: 0.9192825
Balanced Accuracy: 0.8817192

