reSens_R_Mean: 0.7071429
reSens_R_sd: 0.1088489
reSpec_R_Mean: 0.902381
reSpec_R_sd: 0.036283
rePrec_R_Mean: 0.3666667
rePrec_R_sd: 0.0702728

