mean_Sens: 0.7830157
mean_Spec: 0.9214028
mean_BAcc: 0.8522092
sd_Sens: 0.1491039
sd_Spec: 0.0773601
sd_BAcc: 0.0696113

