mean_BAcc: 0.9061598
sd_BAcc: 0.0320698
mean_Sens: 0.8619931
sd_Sens: 0.0480957
mean_Spec: 0.9503266
sd_Spec: 0.0168997

