mean_Sens: 0.7103072
mean_Spec: 0.8889199
mean_BAcc: 0.7857285
sd_Sens: 0.1716101
sd_Spec: 0.150801
sd_BAcc: 0.0490501

