Sensitivity: 0.8857143
Specificity: 0.9388489
Balanced Accuracy: 0.9122816

