mean_Sens: 0.8698497
mean_Spec: 0.9708757
mean_BAcc: 0.9106546
sd_Sens: 0.0377517
sd_Spec: 0.0302643
sd_BAcc: 0.0115625

