Sensitivity: 0.7922078
Specificity: 0.8946188
Balanced Accuracy: 0.8434133

