mean_Sens: 0.9371345
mean_Spec: 0.7399691
mean_BAcc: 0.7518749
sd_Sens: 0.0797072
sd_Spec: 0.3178758
sd_BAcc: 0.131695

