mean_BAcc: 0.8726799
sd_BAcc: 0.0411445
mean_Sens: 0.8191944
sd_Sens: 0.06483
mean_Spec: 0.9261654
sd_Spec: 0.0235899

