looAcc_mean: 0.734996
looAcc_sd: 0.1993392
looKappa_mean: 0.5151365
looKappa_sd: 0.2514932

