mean_BAcc_micro: 0.8242146
mean_Spec_micro: 0.9121073
mean_Sens_micro: 0.736322

