looSens_mean: 0.9371345
looSpec_mean: 0.7478335
looPrec_mean: 0.3363898
looBAcc_mean: 0.7606797
looSens_sd: 0.0983735
looSpec_sd: 0.3003395
looPrec_sd: 0.3353013
looBAcc_sd: 0.1286065

