mean_Sens: 0.6897918
mean_Spec: 0.8437825
mean_BAcc: 0.7667872
sd_Sens: 0.145392
sd_Spec: 0.1279835
sd_BAcc: 0.0732983

