Sens_Mean: 0.830746
Sens_sd: 0.0905158

