testSens_G: 0.8669355
testSpec_G: 0.8796992
testPrec_G: 0.9307359
testBacc_G: 0.8733174

