Sensitivity: 0.8421053
Specificity: 0.9104938
Precision: 0.6233766
Balanced Accuracy: 0.8762995

