reSens_W_Mean: 0.9809117
reSens_W_sd: 0.0487588
reSpec_W_Mean: 0.85
reSpec_W_sd: 0.2687419
rePrec_W_Mean: 0.9789855
rePrec_W_sd: 0.036391

