Sens_Mean: 0.7714286
Sens_sd: 0.0940401
Spec_Mean: 0.9238095
Spec_sd: 0.0313467
Prec_Mean: 0.3583333
Prec_sd: 0.0790569

