Sensitivity: 1.0
Specificity: 0.9782972
Balanced Accuracy: 0.9891486

