Sensitivity: 0.7790698
Specificity: 0.955707
Precision: 0.7204301
Balanced Accuracy: 0.8673884

