sd_BAcc: 0.0340905
sd_Sens: 0.1278658
sd_Spec: 0.0667138
mean_Sens: 0.7429692
mean_Spec: 0.9200958
mean_BAcc: 0.8107868

