sd_BAcc: 0.0437702
sd_Sens: 0.1655432
sd_Spec: 0.0899102
sd_Prec: 0.1665867
mean_Sens: 0.7161315
mean_Spec: 0.9123263
mean_BAcc: 0.7925912
mean_Prec: 0.6047291

