Sensitivity: 0.6761229
Specificity: 0.904
Precision: 0.9225806
Balanced Accuracy: 0.7900615

