mean_BAcc_micro: 0.8026904
mean_Spec_micro: 0.9013452
mean_Sens_micro: 0.7040357

