Sensitivity: 0.8804348
Specificity: 0.9685039
Balanced Accuracy: 0.9244694

