reSens_R_Mean: 0.9482397
reSens_R_sd: 0.0503332
reSpec_R_Mean: 0.67
reSpec_R_sd: 0.2417529
rePrec_R_Mean: 0.949245
rePrec_R_sd: 0.0356371

