looBAcc_mean_micro: 0.8029047
looSpec_mean_micro: 0.9014523
looSens_mean_micro: 0.704357
Prec_mean_micro: 0.704357

