Sensitivity: 0.9342105
Specificity: 0.9229481
Precision: 0.6068376
Balanced Accuracy: 0.9285793

