Sensitivity: 0.8469136
Specificity: 0.9586466
Balanced Accuracy: 0.9027801

