mean_Sens: 0.6800415
mean_Spec: 0.9138027
mean_BAcc: 0.7969221
sd_Sens: 0.2844871
sd_Spec: 0.0703337
sd_BAcc: 0.1443979

