looSens_mean: 0.690705
looSpec_mean: 0.9135701
looPrec_mean: 0.8387231
looBAcc_mean: 0.8021375
looSens_sd: 0.2659936
looSpec_sd: 0.0832529
looPrec_sd: 0.3059025
looBAcc_sd: 0.1391134

