mean_BAcc: 0.9063027
sd_BAcc: 0.0435498
mean_Sens: 0.8631341
sd_Sens: 0.0704118
mean_Spec: 0.9494712
sd_Spec: 0.018011

