Sens_Mean: 0.8335685
Sens_sd: 0.0817471
Spec_Mean: 0.9445228
Spec_sd: 0.027249
Prec_Mean: 0.325
Prec_sd: 0.0997682

