reSens_G_Mean: 0.825641
reSens_G_sd: 0.1079681
reSpec_G_Mean: 0.8726316
reSpec_G_sd: 0.1103466
rePrec_G_Mean: 0.8157143
rePrec_G_sd: 0.1472011

