Sens_Mean: 0.8541667
Sens_sd: 0.1350154

