reSens_R_Mean: 0.7142857
reSens_R_sd: 0.1064794
reSpec_R_Mean: 0.9047619
reSpec_R_sd: 0.0354931
rePrec_R_Mean: 0.3666667
rePrec_R_sd: 0.0702728

