mean_Sens: 0.6666667
mean_Spec: 0.9093231
mean_BAcc: 0.7199872
sd_Sens: 0.4714045
sd_Spec: 0.1645082
sd_BAcc: 0.1277849

