looSens_mean: 0.6847779
looSpec_mean: 0.8886647
looPrec_mean: 0.83552
looBAcc_mean: 0.7867213
looSens_sd: 0.2689354
looSpec_sd: 0.0948297
looPrec_sd: 0.304422
looBAcc_sd: 0.1404893

