Sensitivity: 0.744186
Specificity: 0.8500852
Precision: 0.4210526
Balanced Accuracy: 0.7971356

