Sensitivity: 0.8740157
Specificity: 0.957529
Balanced Accuracy: 0.9157724

