sd_BAcc: 0.0300001
sd_Sens: 0.1212358
sd_Spec: 0.0666263
mean_Sens: 0.7525242
mean_Spec: 0.9228523
mean_BAcc: 0.8183397

