mean_BAcc_micro: 0.8796524
mean_Spec_micro: 0.9398262
mean_Sens_micro: 0.8194786

