looBAcc_mean_micro: 0.8233306
looSpec_mean_micro: 0.9116653
looSens_mean_micro: 0.734996
Prec_mean_micro: 0.734996

