mean_BAcc_micro: 0.8482808
mean_Spec_micro: 0.9241404
mean_Sens_micro: 0.7724212

