Sensitivity: 0.8144928
Specificity: 0.8705882
Balanced Accuracy: 0.8425405

