Sensitivity: 0.9186047
Specificity: 0.965812
Balanced Accuracy: 0.9422083

