Sensitivity: 0.8804348
Specificity: 0.9665354
Balanced Accuracy: 0.9234851

