Sensitivity: 0.8845144
Specificity: 0.972973
Balanced Accuracy: 0.9287437

