looSens_mean: 0.1933333
looSpec_mean: 0.9600521
looPrec_mean: 0.2301587
looBAcc_mean: 0.5639394
looSens_sd: 0.3467308
looSpec_sd: 0.1015787
looPrec_sd: 0.252351
looBAcc_sd: 0.1064409

