sd_BAcc: 0.0462589
sd_Sens: 0.145847
sd_Spec: 0.0985649
mean_Sens: 0.7052918
mean_Spec: 0.9046171
mean_BAcc: 0.7810884

