sd_BAcc: 0.0440596
sd_Sens: 0.1750799
sd_Spec: 0.107961
mean_Sens: 0.7020208
mean_Spec: 0.8971931
mean_BAcc: 0.7737872

