Sens_Mean: 0.8666667
Sens_sd: 0.3220306
Spec_Mean: 0.9555556
Spec_sd: 0.1073435
Prec_Mean: 0.85
Prec_sd: 0.3374743

