testSens_R: 0.75
testSpec_R: 0.9826087
testPrec_R: 0.8181818
testBacc_R: 0.8663043

