reSens_GM_Mean: 0.9651213
reSens_GM_sd: 0.0230194
reSpec_GM_Mean: 0.85
reSpec_GM_sd: 0.1995365
rePrec_GM_Mean: 0.9859433
rePrec_GM_sd: 0.0181705

