testSens_W: 0.85
testSpec_W: 0.9824047
testPrec_W: 0.85
testBacc_W: 0.9162023

