Sensitivity: 0.88
Specificity: 0.9460432
Balanced Accuracy: 0.9130216

