looSens_mean: 0.4793234
looSpec_mean: 0.9732274
looPrec_mean: 0.516835
looBAcc_mean: 0.7200394
looSens_sd: 0.4019208
looSpec_sd: 0.0277179
looPrec_sd: 0.4180484
looBAcc_sd: 0.1986695

