Sensitivity: 0.9883721
Specificity: 0.9458484
Balanced Accuracy: 0.9671102

