Sensitivity: 0.75
Specificity: 0.9826087
Precision: 0.8181818
Balanced Accuracy: 0.8663043

