mean_Sens: 0.8973684
mean_Spec: 0.8254085
mean_BAcc: 0.7923583
sd_Sens: 0.119295
sd_Spec: 0.1922207
sd_BAcc: 0.0490196

