Sensitivity: 0.8863636
Specificity: 0.9759863
Balanced Accuracy: 0.931175

