Sensitivity: 0.9883721
Specificity: 0.9530686
Balanced Accuracy: 0.9707203

