Sensitivity: 0.8713911
Specificity: 0.957529
Balanced Accuracy: 0.91446

