sd_BAcc: 0.0457702
sd_Sens: 0.1574213
sd_Spec: 0.100919
mean_Sens: 0.7131209
mean_Spec: 0.9141585
mean_BAcc: 0.7900173

