sd_BAcc: 0.0811644
sd_Sens: 0.087333
sd_Spec: 0.0751875
mean_Sens: 0.7487128
mean_Spec: 0.8897243
mean_BAcc: 0.7963184

