mean_Sens: 0.5317377
mean_Spec: 0.964715
mean_BAcc: 0.744222
sd_Sens: 0.426682
sd_Spec: 0.0367872
sd_BAcc: 0.1971077

