mean_BAcc: 0.8834948
sd_BAcc: 0.0436987
mean_Sens: 0.8343234
sd_Sens: 0.079712
mean_Spec: 0.9326663
sd_Spec: 0.0192659

