Sensitivity: 0.8657143
Specificity: 0.9280576
Balanced Accuracy: 0.8968859

