Sensitivity: 0.8669355
Specificity: 0.8796992
Precision: 0.9307359
Balanced Accuracy: 0.8733174

