Sensitivity: 0.8726115
Specificity: 0.940552
Balanced Accuracy: 0.9065817

