Sensitivity: 0.8280255
Specificity: 0.9027484
Balanced Accuracy: 0.8653869

