Sens_Mean: 0.7857143
Sens_sd: 0.0952381

