Sensitivity: 0.9529412
Specificity: 0.9765766
Balanced Accuracy: 0.9647589

