mean_AUC: 0.9130395
sd_AUC: 0.0624468
mean_Acc: 0.7747915
sd_Acc: 0.0538907

