mean_Sens: 0.9128289
mean_Spec: 0.7635539
mean_BAcc: 0.7593761
sd_Sens: 0.1141357
sd_Spec: 0.3131424
sd_BAcc: 0.1565472

