reSens_G_Mean: 0.7552419
reSens_G_sd: 0.0749965
reSpec_G_Mean: 0.918414
reSpec_G_sd: 0.0249988
rePrec_G_Mean: 0.3083333
rePrec_G_sd: 0.0790569

