Sensitivity: 0.6643026
Specificity: 0.912
Precision: 0.9273927
Balanced Accuracy: 0.7881513

