Sensitivity: 0.8409091
Specificity: 0.9759863
Balanced Accuracy: 0.9084477

