AUC: 0.9188445
Accuracy: 0.804058
Kappa: 0.6736607
Mean_F1: 0.7890544

