Sensitivity: 0.9782609
Specificity: 0.9343696
Balanced Accuracy: 0.9563152

