looSens_GM_mean: 0.8954678
looSpec_GM_mean: 0.7657878
looPrec_GM_mean: 0.4765846
looBAcc_GM_mean: 0.7748526
looSens_GM_sd: 0.1175051
looSpec_GM_sd: 0.3195327
looPrec_GM_sd: 0.3681585
looBAcc_GM_sd: 0.1437551

