Sensitivity: 0.8086957
Specificity: 0.8705882
Balanced Accuracy: 0.8396419

