Sensitivity: 0.9204545
Specificity: 0.9818841
Balanced Accuracy: 0.9511693

