mean_Sens: 0.7888986
mean_Spec: 0.9325701
mean_BAcc: 0.8607344
sd_Sens: 0.1507599
sd_Spec: 0.06575
sd_BAcc: 0.0809106

