looBAcc_sd: 0.0464922
looSens_sd: 0.1702866
looSpec_sd: 0.1066335
looPrec_sd: 0.1954118
looSens_mean: 0.6922961
looSpec_mean: 0.8915348
looBAcc_mean: 0.765274
looPrec_mean: 0.5724366

