Sensitivity: 0.8888889
Specificity: 0.9780034
Balanced Accuracy: 0.9334461

