mean_Sens: 0.5229933
mean_Spec: 0.9686291
mean_BAcc: 0.7407306
sd_Sens: 0.4131198
sd_Spec: 0.0394157
sd_BAcc: 0.1915786

