reSens_W_Mean: 0.85
reSens_W_sd: 0.2687419
reSpec_W_Mean: 0.95
reSpec_W_sd: 0.0895806
rePrec_W_Mean: 0.8333333
rePrec_W_sd: 0.2721655

