Sensitivity: 0.8815789
Specificity: 0.9346734
Precision: 0.6320755
Balanced Accuracy: 0.9081262

