mean_BAcc: 0.8621947
sd_BAcc: 0.07031
mean_Sens: 0.8066303
sd_Sens: 0.1234792
mean_Spec: 0.9207843
sd_Spec: 0.0229496

