mean_Sens: 0.6775641
mean_Spec: 0.9584274
mean_BAcc: 0.8139853
sd_Sens: 0.3791519
sd_Spec: 0.0439447
sd_BAcc: 0.1759848

