Sensitivity: 0.9078947
Specificity: 0.9246231
Precision: 0.6052632
Balanced Accuracy: 0.9162589

