Sensitivity: 0.854321
Specificity: 0.962406
Balanced Accuracy: 0.9083635

