mean_BAcc_micro: 0.8469346
mean_Spec_micro: 0.9234673
mean_Sens_micro: 0.7704018

