mean_BAcc_micro: 0.878859
mean_Spec_micro: 0.9394295
mean_Sens_micro: 0.8182885

