looSens_mean: 0.7096154
looSpec_mean: 0.961504
looPrec_mean: 0.4809117
looBAcc_mean: 0.8224787
looSens_sd: 0.3983241
looSpec_sd: 0.0497699
looPrec_sd: 0.3965542
looBAcc_sd: 0.1815298

