testAcc_macro: 0.8503937
testKappa_macro: 0.7308789
testSens_macro: 0.8272602
testSpec_macro: 0.9388016
testPrec_macro: 0.8055736

