Sensitivity: 0.8492754
Specificity: 0.9137255
Balanced Accuracy: 0.8815004

