reSens_GM_Mean: 0.85
reSens_GM_sd: 0.1995365
reSpec_GM_Mean: 0.95
reSpec_GM_sd: 0.0665122
rePrec_GM_Mean: 0.8
rePrec_GM_sd: 0.2581989

