looAcc_mean: 0.704357
looAcc_sd: 0.2163209
looKappa_mean: 0.4698729
looKappa_sd: 0.2388617

