mean_Sens: 0.6122074
mean_Spec: 0.9739413
mean_BAcc: 0.7826509
sd_Sens: 0.363216
sd_Spec: 0.0329227
sd_BAcc: 0.1722372

