mean_Sens: 0.6942308
mean_Spec: 0.9632601
mean_BAcc: 0.8234423
sd_Sens: 0.3882878
sd_Spec: 0.0399508
sd_BAcc: 0.1822653

