Sensitivity: 0.8863636
Specificity: 0.9764493
Balanced Accuracy: 0.9314065

