Sensitivity: 0.8804348
Specificity: 0.9606299
Balanced Accuracy: 0.9205324

