Sensitivity: 0.8853503
Specificity: 0.9596603
Balanced Accuracy: 0.9225053

