Sensitivity: 0.910828
Specificity: 0.9490446
Balanced Accuracy: 0.9299363

