Sensitivity: 0.8295455
Specificity: 0.965812
Precision: 0.7849462
Balanced Accuracy: 0.8976787

