Sensitivity: 0.9883721
Specificity: 0.9440433
Balanced Accuracy: 0.9662077

