Sensitivity: 0.9456522
Specificity: 0.9738806
Balanced Accuracy: 0.9597664

