looSens_mean: 0.8954678
looSpec_mean: 0.7418427
looPrec_mean: 0.3668907
looBAcc_mean: 0.734182
looSens_sd: 0.1175051
looSpec_sd: 0.3046686
looPrec_sd: 0.3333382
looBAcc_sd: 0.1199068

