reSens_GM_Mean: 0.8333333
reSens_GM_sd: 0.2222222
reSpec_GM_Mean: 0.9444444
reSpec_GM_sd: 0.0740741
rePrec_GM_Mean: 0.8
rePrec_GM_sd: 0.2581989

