Sensitivity: 1.0
Specificity: 0.9796954
Balanced Accuracy: 0.9898477

