Sensitivity: 0.7209302
Specificity: 0.8603066
Precision: 0.4305556
Balanced Accuracy: 0.7906184

