Sensitivity: 0.9456522
Specificity: 0.9794776
Balanced Accuracy: 0.9625649

