mean_Sens: 0.7777778
mean_Spec: 0.8155598
mean_BAcc: 0.7044487
sd_Sens: 0.1924501
sd_Spec: 0.2144744
sd_BAcc: 0.0396046

