looSens_mean: 0.8954678
looSpec_mean: 0.7657878
looPrec_mean: 0.4765846
looBAcc_mean: 0.7748526
looSens_sd: 0.1175051
looSpec_sd: 0.3195327
looPrec_sd: 0.3681585
looBAcc_sd: 0.1437551

