Sensitivity: 0.8522727
Specificity: 0.9555556
Precision: 0.7425743
Balanced Accuracy: 0.9039141

