mean_Sens: 0.9128289
mean_Spec: 0.782349
mean_BAcc: 0.7758804
sd_Sens: 0.0864373
sd_Spec: 0.3097373
sd_BAcc: 0.1924051
mean_Prec: 0.4758772
sd_Prec: 0.3464935

