Sensitivity: 0.9176471
Specificity: 0.9783784
Balanced Accuracy: 0.9480127

