Sensitivity: 0.9186047
Specificity: 0.9675214
Balanced Accuracy: 0.943063

