reAcc_Mean: 0.761079
Acc_sd: 0.0398047
reBAcc_Mean: 0.8485911
reBAcc_sd: 0.0384427
reSens_Mean: 0.7897645
reSens_sd: 0.0638214
rePrec_Mean: 0.7074538
rePrec_sd: 0.0542614
reSpec_Mean: 0.9074177
reSpec_sd: 0.0180082
reKappa_Mean: 0.6195539
reKappa_sd: 0.0638425

