Sensitivity: 0.9021739
Specificity: 0.9720149
Balanced Accuracy: 0.9370944

