mean_BAcc_micro: 0.840682
mean_Spec_micro: 0.920341
mean_Sens_micro: 0.761023

