Sensitivity: 0.8804348
Specificity: 0.9684015
Balanced Accuracy: 0.9244181

