Sensitivity: 0.9782609
Specificity: 0.9360967
Balanced Accuracy: 0.9571788

