reSens_G_Mean: 0.7519153
reSens_G_sd: 0.0584532
reSpec_G_Mean: 0.9173051
reSpec_G_sd: 0.0194844
rePrec_G_Mean: 0.3
rePrec_G_sd: 0.0805076

