mean_BAcc_micro: 0.8441023
mean_Spec_micro: 0.9220512
mean_Sens_micro: 0.7661535

