Sensitivity: 0.7777778
Specificity: 0.9746193
Balanced Accuracy: 0.8761985

