mean_Sens: 0.6858974
mean_Spec: 0.9766994
mean_BAcc: 0.8196481
sd_Sens: 0.3838601
sd_Spec: 0.032077
sd_BAcc: 0.1791547

