Sensitivity: 1.0
Specificity: 0.9816361
Balanced Accuracy: 0.990818

