mean_Sens: 0.9052632
mean_Spec: 0.8266885
mean_BAcc: 0.7966513
sd_Sens: 0.1596395
sd_Spec: 0.1888569
sd_BAcc: 0.0985431

