Sens_Mean: 0.8666667
Sens_sd: 0.3220306

