mean_Sens: 0.6775641
mean_Spec: 0.9766602
mean_BAcc: 0.8154423
sd_Sens: 0.3791519
sd_Spec: 0.0339715
sd_BAcc: 0.1770475

