Sensitivity: 0.8345154
Specificity: 0.888
Precision: 0.9265092
Balanced Accuracy: 0.8612577

