Sensitivity: 0.7792208
Specificity: 0.9013453
Balanced Accuracy: 0.840283

