looBAcc_mean_micro: 0.8189476
looSpec_mean_micro: 0.9094738
looSens_mean_micro: 0.7284215
Prec_mean_micro: 0.7284215

