looAcc_mean: 0.7284215
looAcc_sd: 0.2000984
looKappa_mean: 0.4987842
looKappa_sd: 0.2657365

