looBAcc_sd: 0.1111012
looSens_sd: 0.3004494
looSpec_sd: 0.0885792
looPrec_sd: 0.2842475
looSens_mean: 0.6197334
looSpec_mean: 0.8884948
looBAcc_mean: 0.7294808
looPrec_mean: 0.5325868

