Sensitivity: 0.8233696
Specificity: 0.9007634
Balanced Accuracy: 0.8620665

