Sensitivity: 0.8522727
Specificity: 0.9487179
Precision: 0.7142857
Balanced Accuracy: 0.9004953

