mean_Sens: 0.7839232
mean_Spec: 0.9267698
mean_BAcc: 0.8553465
sd_Sens: 0.1495296
sd_Spec: 0.076017
sd_BAcc: 0.0719548

