Acc_mean: 0.7695012
Acc_sd: 0.2200774
Kappa_mean: 0.5738522
Kappa__sd: 0.2697829

