looSens_R_mean: 0.1933333
looSpec_R_mean: 0.9600521
looPrec_R_mean: 0.2301587
looBAcc_R_mean: 0.5639394
looSens_R_sd: 0.3467308
looSpec_R_sd: 0.1015787
looPrec_R_sd: 0.252351
looBAcc_R_sd: 0.1064409

