Sensitivity: 1.0
Specificity: 0.9773096
Balanced Accuracy: 0.9886548

