AUC: 0.9235921
Accuracy: 0.8113166
Kappa: 0.6837644
Mean_F1: 0.8074112

