reSens_G_Mean: 0.8726316
reSens_G_sd: 0.1103466
reSpec_G_Mean: 0.9575439
reSpec_G_sd: 0.0367822
rePrec_G_Mean: 0.475
rePrec_G_sd: 0.283415

