mean_BAcc: 0.9019523
sd_BAcc: 0.0394435
mean_Sens: 0.8577144
sd_Sens: 0.0667815
mean_Spec: 0.9461901
sd_Spec: 0.0139632

