reSens_W_Mean: 0.8666667
reSens_W_sd: 0.1427248
reSpec_W_Mean: 0.9555556
reSpec_W_sd: 0.0475749
rePrec_W_Mean: 0.6666667
rePrec_W_sd: 0.2939724

