Sensitivity: 0.85
Specificity: 0.9824047
Precision: 0.85
Balanced Accuracy: 0.9162023

